This is cutadapt 4.1 with Python 3.10.6
Command line parameters: -a AGATCGGAAGAGCGTCGTGTAGGGAAAGAGTGT -o 21_3G_both_S15_L008_R2_001.trim.fastq.gz /projects/bgmp/shared/2017_sequencing/demultiplexed/21_3G_both_S15_L008_R2_001.fastq.gz
Processing single-end reads on 1 core ...
Finished in 135.00 s (15 µs/read; 4.11 M reads/minute).

=== Summary ===

Total reads processed:               9,237,299
Reads with adapters:                   679,275 (7.4%)
Reads written (passing filters):     9,237,299 (100.0%)

Total basepairs processed:   932,967,199 bp
Total written (filtered):    920,618,625 bp (98.7%)

=== Adapter 1 ===

Sequence: AGATCGGAAGAGCGTCGTGTAGGGAAAGAGTGT; Type: regular 3'; Length: 33; Trimmed: 679275 times

Minimum overlap: 3
No. of allowed errors:
1-9 bp: 0; 10-19 bp: 1; 20-29 bp: 2; 30-33 bp: 3

Bases preceding removed adapters:
  A: 18.1%
  C: 32.0%
  G: 36.1%
  T: 8.4%
  none/other: 5.4%

Overview of removed sequences
length	count	expect	max.err	error counts
3	226245	144332.8	0	226245
4	55808	36083.2	0	55808
5	23184	9020.8	0	23184
6	14966	2255.2	0	14966
7	13277	563.8	0	13277
8	12676	140.9	0	12676
9	12500	35.2	0	12184 316
10	12721	8.8	1	12147 574
11	12198	2.2	1	11766 432
12	11750	0.6	1	11438 312
13	11682	0.1	1	11378 304
14	11358	0.0	1	11110 248
15	11017	0.0	1	10650 367
16	10969	0.0	1	10632 337
17	10459	0.0	1	10105 354
18	10036	0.0	1	9663 371 2
19	9747	0.0	1	9396 345 6
20	9574	0.0	2	9161 368 45
21	9177	0.0	2	8760 371 46
22	8763	0.0	2	8394 323 46
23	8535	0.0	2	8194 304 37
24	8323	0.0	2	7897 380 46
25	8074	0.0	2	7669 353 52
26	7704	0.0	2	7282 352 70
27	7395	0.0	2	7022 328 45
28	7056	0.0	2	6686 320 48 2
29	6757	0.0	2	6405 305 43 4
30	6514	0.0	3	6129 303 58 24
31	6136	0.0	3	5786 266 56 28
32	5810	0.0	3	5473 262 54 21
33	5467	0.0	3	5154 254 37 22
34	5357	0.0	3	5040 258 33 26
35	4828	0.0	3	4524 244 44 16
36	4680	0.0	3	4396 224 37 23
37	4514	0.0	3	4244 229 25 16
38	4312	0.0	3	4056 201 29 26
39	3777	0.0	3	3529 197 28 23
40	3648	0.0	3	3440 169 25 14
41	3338	0.0	3	3159 132 28 19
42	3129	0.0	3	2963 132 20 14
43	2768	0.0	3	2620 116 18 14
44	2515	0.0	3	2362 120 21 12
45	2293	0.0	3	2163 117 10 3
46	2096	0.0	3	1965 103 15 13
47	1836	0.0	3	1710 94 18 14
48	1764	0.0	3	1655 82 16 11
49	1608	0.0	3	1502 85 13 8
50	1451	0.0	3	1344 95 8 4
51	1353	0.0	3	1264 72 9 8
52	1222	0.0	3	1139 64 12 7
53	1032	0.0	3	975 41 9 7
54	890	0.0	3	818 60 5 7
55	800	0.0	3	727 46 18 9
56	730	0.0	3	672 42 11 5
57	660	0.0	3	599 40 12 9
58	629	0.0	3	571 40 9 9
59	591	0.0	3	543 36 5 7
60	587	0.0	3	537 38 5 7
61	535	0.0	3	487 37 9 2
62	490	0.0	3	452 27 5 6
63	414	0.0	3	383 19 6 6
64	369	0.0	3	338 22 5 4
65	346	0.0	3	323 16 5 2
66	293	0.0	3	263 15 7 8
67	273	0.0	3	238 24 7 4
68	267	0.0	3	237 16 7 7
69	229	0.0	3	196 21 10 2
70	201	0.0	3	177 12 6 6
71	178	0.0	3	159 9 8 2
72	172	0.0	3	147 15 9 1
73	147	0.0	3	123 13 7 4
74	138	0.0	3	124 9 5
75	79	0.0	3	73 4 1 1
76	79	0.0	3	63 7 6 3
77	48	0.0	3	43 4 0 1
78	42	0.0	3	37 2 2 1
79	37	0.0	3	30 3 2 2
80	16	0.0	3	12 2 1 1
81	21	0.0	3	15 2 3 1
82	8	0.0	3	5 0 3
83	6	0.0	3	5 0 0 1
84	13	0.0	3	11 1 1
85	13	0.0	3	13
86	5	0.0	3	5
87	16	0.0	3	15 0 0 1
88	9	0.0	3	7 2
89	8	0.0	3	7 0 1
90	7	0.0	3	6 1
91	11	0.0	3	9 2
92	7	0.0	3	6 1
93	10	0.0	3	7 2 1
94	1	0.0	3	0 1
95	5	0.0	3	3 1 0 1
96	5	0.0	3	2 2 1
97	4	0.0	3	3 1
98	8	0.0	3	3 4 0 1
99	4	0.0	3	2 2
100	11	0.0	3	1 3 4 3
101	36464	0.0	3	6 30885 5201 372
