This is cutadapt 4.1 with Python 3.10.6
Command line parameters: -a AGATCGGAAGAGCACACGTCTGAACTCCAGTCA -o 21_3G_both_S15_L008_R1_001.trim.fastq.gz /projects/bgmp/shared/2017_sequencing/demultiplexed/21_3G_both_S15_L008_R1_001.fastq.gz
Processing single-end reads on 1 core ...
Finished in 126.29 s (14 µs/read; 4.39 M reads/minute).

=== Summary ===

Total reads processed:               9,237,299
Reads with adapters:                   613,874 (6.6%)
Reads written (passing filters):     9,237,299 (100.0%)

Total basepairs processed:   932,967,199 bp
Total written (filtered):    920,902,485 bp (98.7%)

=== Adapter 1 ===

Sequence: AGATCGGAAGAGCACACGTCTGAACTCCAGTCA; Type: regular 3'; Length: 33; Trimmed: 613874 times

Minimum overlap: 3
No. of allowed errors:
1-9 bp: 0; 10-19 bp: 1; 20-29 bp: 2; 30-33 bp: 3

Bases preceding removed adapters:
  A: 16.7%
  C: 30.3%
  G: 33.2%
  T: 13.8%
  none/other: 6.0%

Overview of removed sequences
length	count	expect	max.err	error counts
3	175401	144332.8	0	175401
4	46961	36083.2	0	46961
5	21779	9020.8	0	21779
6	13908	2255.2	0	13908
7	13029	563.8	0	13029
8	12599	140.9	0	12599
9	12230	35.2	0	12039 191
10	12599	8.8	1	12029 570
11	11989	2.2	1	11550 439
12	11623	0.6	1	11222 401
13	11633	0.1	1	11238 395
14	11284	0.0	1	10872 412
15	10954	0.0	1	10560 394
16	10884	0.0	1	10493 391
17	10399	0.0	1	10024 375
18	9980	0.0	1	9580 392 8
19	9714	0.0	1	9262 431 21
20	9527	0.0	2	9038 434 55
21	9115	0.0	2	8683 382 50
22	8730	0.0	2	8253 427 50
23	8477	0.0	2	8041 383 53
24	8277	0.0	2	7879 345 53
25	8040	0.0	2	7623 357 60
26	7653	0.0	2	7203 388 62
27	7357	0.0	2	6928 367 53 9
28	7008	0.0	2	6582 360 61 5
29	6700	0.0	2	6277 358 59 6
30	6460	0.0	3	6018 361 55 26
31	6081	0.0	3	5712 311 36 22
32	5771	0.0	3	5382 320 49 20
33	5431	0.0	3	5066 299 37 29
34	5295	0.0	3	5008 244 30 13
35	4780	0.0	3	4454 281 30 15
36	4636	0.0	3	4310 267 49 10
37	4473	0.0	3	4185 246 30 12
38	4270	0.0	3	4006 228 27 9
39	3734	0.0	3	3515 192 19 8
40	3617	0.0	3	3431 167 14 5
41	3303	0.0	3	3114 165 19 5
42	3103	0.0	3	2930 141 18 14
43	2730	0.0	3	2560 137 20 13
44	2475	0.0	3	2331 119 19 6
45	2271	0.0	3	2129 127 13 2
46	2063	0.0	3	1935 106 17 5
47	1795	0.0	3	1670 107 15 3
48	1736	0.0	3	1619 98 15 4
49	1576	0.0	3	1480 82 12 2
50	1418	0.0	3	1346 59 10 3
51	1336	0.0	3	1242 75 14 5
52	1191	0.0	3	1132 45 13 1
53	1001	0.0	3	945 50 3 3
54	867	0.0	3	812 49 4 2
55	761	0.0	3	714 40 7
56	699	0.0	3	658 35 3 3
57	623	0.0	3	593 25 4 1
58	590	0.0	3	556 28 4 2
59	563	0.0	3	525 30 4 4
60	558	0.0	3	523 33 1 1
61	504	0.0	3	469 32 1 2
62	459	0.0	3	424 30 5
63	389	0.0	3	371 17 1
64	347	0.0	3	332 15
65	330	0.0	3	306 20 3 1
66	263	0.0	3	247 14 1 1
67	255	0.0	3	239 14 1 1
68	249	0.0	3	238 10 1
69	206	0.0	3	196 9 1
70	179	0.0	3	168 9 2
71	158	0.0	3	144 11 1 2
72	156	0.0	3	142 11 2 1
73	128	0.0	3	119 8 1
74	130	0.0	3	122 4 3 1
75	68	0.0	3	63 3 1 1
76	59	0.0	3	59
77	42	0.0	3	37 4 0 1
78	34	0.0	3	32 1 0 1
79	28	0.0	3	27 1
80	12	0.0	3	12
81	15	0.0	3	14 1
82	5	0.0	3	5
83	5	0.0	3	4 0 1
84	12	0.0	3	10 2
85	13	0.0	3	13
86	4	0.0	3	4
87	16	0.0	3	16
88	7	0.0	3	7
89	7	0.0	3	7
90	7	0.0	3	5 2
91	11	0.0	3	11
92	7	0.0	3	7
93	9	0.0	3	9
94	1	0.0	3	1
95	5	0.0	3	3 1 1
96	4	0.0	3	4
97	4	0.0	3	4
98	7	0.0	3	6 1
99	4	0.0	3	4
100	6	0.0	3	5 1
101	36672	0.0	3	6 31402 4938 326
