This is cutadapt 4.1 with Python 3.10.6
Command line parameters: -a AGATCGGAAGAGCACACGTCTGAACTCCAGTCA -o 34_4H_both_S24_L008_R1_001.trim.fastq.gz /projects/bgmp/shared/2017_sequencing/demultiplexed/34_4H_both_S24_L008_R1_001.fastq.gz
Processing single-end reads on 1 core ...
Finished in 123.95 s (14 µs/read; 4.38 M reads/minute).

=== Summary ===

Total reads processed:               9,040,597
Reads with adapters:                   819,166 (9.1%)
Reads written (passing filters):     9,040,597 (100.0%)

Total basepairs processed:   913,100,297 bp
Total written (filtered):    897,212,777 bp (98.3%)

=== Adapter 1 ===

Sequence: AGATCGGAAGAGCACACGTCTGAACTCCAGTCA; Type: regular 3'; Length: 33; Trimmed: 819166 times

Minimum overlap: 3
No. of allowed errors:
1-9 bp: 0; 10-19 bp: 1; 20-29 bp: 2; 30-33 bp: 3

Bases preceding removed adapters:
  A: 14.1%
  C: 27.7%
  G: 41.0%
  T: 15.5%
  none/other: 1.7%

Overview of removed sequences
length	count	expect	max.err	error counts
3	174509	141259.3	0	174509
4	50756	35314.8	0	50756
5	26267	8828.7	0	26267
6	19436	2207.2	0	19436
7	18757	551.8	0	18757
8	18058	137.9	0	18058
9	17907	34.5	0	17689 218
10	18265	8.6	1	17689 576
11	17559	2.2	1	17030 529
12	17328	0.5	1	16850 478
13	17290	0.1	1	16835 455
14	16585	0.0	1	16075 510
15	16689	0.0	1	16168 521
16	16311	0.0	1	15775 536
17	16039	0.0	1	15524 515
18	15567	0.0	1	15025 538 4
19	15214	0.0	1	14721 470 23
20	14972	0.0	2	14371 528 73
21	14526	0.0	2	13960 486 80
22	14157	0.0	2	13527 549 81
23	13814	0.0	2	13216 520 78
24	13635	0.0	2	13052 523 60
25	13315	0.0	2	12687 554 74
26	13000	0.0	2	12342 588 70
27	12495	0.0	2	11929 495 69 2
28	12231	0.0	2	11600 554 73 4
29	11682	0.0	2	11057 537 83 5
30	11100	0.0	3	10523 488 71 18
31	11001	0.0	3	10368 527 78 28
32	10367	0.0	3	9799 485 63 20
33	9805	0.0	3	9245 462 73 25
34	9662	0.0	3	9075 495 70 22
35	8915	0.0	3	8446 399 57 13
36	8770	0.0	3	8271 424 57 18
37	8455	0.0	3	8025 367 43 20
38	7932	0.0	3	7538 342 33 19
39	7674	0.0	3	7278 336 43 17
40	7242	0.0	3	6886 301 40 15
41	6648	0.0	3	6285 310 39 14
42	6239	0.0	3	5936 272 22 9
43	5628	0.0	3	5378 221 21 8
44	5181	0.0	3	4965 184 26 6
45	4810	0.0	3	4562 208 27 13
46	4484	0.0	3	4268 196 17 3
47	4087	0.0	3	3921 145 17 4
48	3841	0.0	3	3637 184 17 3
49	3687	0.0	3	3497 173 11 6
50	3268	0.0	3	3147 110 7 4
51	3075	0.0	3	2935 123 14 3
52	2802	0.0	3	2677 111 9 5
53	2444	0.0	3	2335 94 11 4
54	2147	0.0	3	2039 92 15 1
55	1966	0.0	3	1883 71 10 2
56	1730	0.0	3	1660 62 5 3
57	1548	0.0	3	1465 72 6 5
58	1508	0.0	3	1439 61 7 1
59	1406	0.0	3	1347 49 5 5
60	1302	0.0	3	1241 59 1 1
61	1188	0.0	3	1142 43 2 1
62	1074	0.0	3	1023 46 3 2
63	975	0.0	3	922 44 8 1
64	810	0.0	3	781 26 3
65	718	0.0	3	686 29 2 1
66	632	0.0	3	610 21 1
67	630	0.0	3	611 16 3
68	562	0.0	3	544 15 3
69	509	0.0	3	485 21 1 2
70	416	0.0	3	394 17 4 1
71	394	0.0	3	383 10 1
72	325	0.0	3	314 8 3
73	241	0.0	3	232 7 1 1
74	202	0.0	3	191 8 2 1
75	140	0.0	3	134 5 0 1
76	83	0.0	3	77 5 1
77	80	0.0	3	72 5 2 1
78	71	0.0	3	68 2 1
79	58	0.0	3	55 2 1
80	25	0.0	3	22 3
81	33	0.0	3	29 4
82	37	0.0	3	36 1
83	41	0.0	3	36 5
84	39	0.0	3	36 3
85	41	0.0	3	40 1
86	34	0.0	3	34
87	60	0.0	3	58 2
88	52	0.0	3	52
89	52	0.0	3	51 1
90	38	0.0	3	36 2
91	41	0.0	3	39 2
92	46	0.0	3	44 2
93	30	0.0	3	29 1
94	27	0.0	3	24 2 0 1
95	31	0.0	3	30 1
96	44	0.0	3	39 3 1 1
97	34	0.0	3	30 2 1 1
98	42	0.0	3	40 2
99	18	0.0	3	15 1 1 1
100	11	0.0	3	9 2
101	14194	0.0	3	21 10189 3792 192
