This is cutadapt 4.1 with Python 3.10.6
Command line parameters: -a AGATCGGAAGAGCGTCGTGTAGGGAAAGAGTGT -o 34_4H_both_S24_L008_R2_001.trim.fastq.gz /projects/bgmp/shared/2017_sequencing/demultiplexed/34_4H_both_S24_L008_R2_001.fastq.gz
Processing single-end reads on 1 core ...
Finished in 132.31 s (15 µs/read; 4.10 M reads/minute).

=== Summary ===

Total reads processed:               9,040,597
Reads with adapters:                   886,595 (9.8%)
Reads written (passing filters):     9,040,597 (100.0%)

Total basepairs processed:   913,100,297 bp
Total written (filtered):    896,920,696 bp (98.2%)

=== Adapter 1 ===

Sequence: AGATCGGAAGAGCGTCGTGTAGGGAAAGAGTGT; Type: regular 3'; Length: 33; Trimmed: 886595 times

Minimum overlap: 3
No. of allowed errors:
1-9 bp: 0; 10-19 bp: 1; 20-29 bp: 2; 30-33 bp: 3

Bases preceding removed adapters:
  A: 15.5%
  C: 28.5%
  G: 44.2%
  T: 10.2%
  none/other: 1.6%

Overview of removed sequences
length	count	expect	max.err	error counts
3	227244	141259.3	0	227244
4	58689	35314.8	0	58689
5	28665	8828.7	0	28665
6	20504	2207.2	0	20504
7	19015	551.8	0	19015
8	18112	137.9	0	18112
9	18082	34.5	0	17722 360
10	18483	8.6	1	17799 684
11	17778	2.2	1	17233 545
12	17465	0.5	1	17044 421
13	17367	0.1	1	16902 465
14	16683	0.0	1	16210 473
15	16756	0.0	1	16184 572
16	16401	0.0	1	15859 542
17	16136	0.0	1	15558 578
18	15642	0.0	1	15020 616 6
19	15294	0.0	1	14694 583 17
20	15025	0.0	2	14359 598 68
21	14563	0.0	2	13899 587 77
22	14244	0.0	2	13591 583 70
23	13887	0.0	2	13246 579 62
24	13693	0.0	2	12991 629 73
25	13349	0.0	2	12624 653 72
26	13059	0.0	2	12379 605 75
27	12535	0.0	2	11821 612 93 9
28	12283	0.0	2	11598 591 89 5
29	11733	0.0	2	10996 599 127 11
30	11130	0.0	3	10455 565 88 22
31	11040	0.0	3	10274 647 93 26
32	10404	0.0	3	9702 573 96 33
33	9848	0.0	3	9210 544 71 23
34	9676	0.0	3	9060 511 77 28
35	8952	0.0	3	8388 471 69 24
36	8791	0.0	3	8276 427 63 25
37	8485	0.0	3	7921 470 61 33
38	7967	0.0	3	7510 386 53 18
39	7705	0.0	3	7173 435 65 32
40	7286	0.0	3	6852 346 54 34
41	6687	0.0	3	6334 294 38 21
42	6263	0.0	3	5886 315 41 21
43	5651	0.0	3	5343 266 25 17
44	5202	0.0	3	4895 247 34 26
45	4830	0.0	3	4538 242 26 24
46	4505	0.0	3	4243 218 24 20
47	4110	0.0	3	3876 188 25 21
48	3867	0.0	3	3614 217 19 17
49	3701	0.0	3	3459 207 22 13
50	3300	0.0	3	3064 191 29 16
51	3110	0.0	3	2921 156 20 13
52	2828	0.0	3	2668 140 9 11
53	2466	0.0	3	2302 135 19 10
54	2172	0.0	3	2017 133 15 7
55	1985	0.0	3	1853 111 12 9
56	1772	0.0	3	1653 90 21 8
57	1577	0.0	3	1477 83 10 7
58	1533	0.0	3	1443 70 16 4
59	1426	0.0	3	1328 80 12 6
60	1321	0.0	3	1238 64 14 5
61	1211	0.0	3	1130 68 7 6
62	1102	0.0	3	1030 53 8 11
63	1000	0.0	3	939 46 10 5
64	824	0.0	3	771 46 3 4
65	736	0.0	3	678 45 8 5
66	658	0.0	3	619 30 4 5
67	650	0.0	3	603 40 5 2
68	578	0.0	3	541 29 6 2
69	527	0.0	3	483 28 10 6
70	431	0.0	3	386 40 2 3
71	419	0.0	3	370 34 10 5
72	340	0.0	3	313 19 6 2
73	256	0.0	3	230 19 3 4
74	214	0.0	3	190 15 6 3
75	157	0.0	3	142 10 4 1
76	94	0.0	3	85 6 2 1
77	94	0.0	3	81 7 4 2
78	88	0.0	3	75 7 1 5
79	65	0.0	3	58 2 2 3
80	29	0.0	3	23 6
81	34	0.0	3	32 1 0 1
82	42	0.0	3	38 1 1 2
83	42	0.0	3	37 4 1
84	40	0.0	3	35 3 1 1
85	42	0.0	3	40 1 1
86	35	0.0	3	30 4 0 1
87	62	0.0	3	55 4 1 2
88	52	0.0	3	46 6
89	55	0.0	3	44 9 0 2
90	38	0.0	3	28 10
91	42	0.0	3	33 5 3 1
92	47	0.0	3	33 13 0 1
93	31	0.0	3	25 5 1
94	29	0.0	3	15 12 1 1
95	33	0.0	3	18 13 0 2
96	42	0.0	3	23 16 2 1
97	36	0.0	3	18 9 7 2
98	45	0.0	3	19 18 5 3
99	22	0.0	3	12 3 3 4
100	20	0.0	3	4 4 3 9
101	14056	0.0	3	5 9862 3940 249
